38 219 257
238 437 675
355 297 652
365 285 650
450 112 562
353 100 453
142 281 423
37 421 458
445 285 730
497 180 677
476 391 867
155 406 561
457 323 780
381 240 621
225 278 503
446 90 536
340 87 427
407 237 644
111 117 228
456 367 823
33 378 411
223 387 610
97 84 181
212 111 323
78 66 144
129 404 533
279 5 284
388 149 537
329 176 505
331 264 595
114 136 250
428 102 530
152 404 556
337 356 693
98 272 370
97 213 310
183 203 386
260 442 702
247 375 622
371 4 375
173 152 325
319 4 323
239 186 425
304 437 741
23 335 358
33 393 426
20 74 94
483 461 944
124 65 189
69 330 399
167 236 403
249 136 385
119 227 346
200 323 523
422 274 696
311 62 373
65 191 256
119 247 366
50 120 170
334 468 802
24 77 101
46 31 77
458 272 730
30 134 164
81 435 516
167 160 327
314 142 456
476 27 503
323 94 417
268 244 512
324 21 345
307 296 603
226 263 489
140 62 202
47 80 127
247 328 575
113 183 296
259 243 502
391 494 885
361 133 494
72 151 223
254 470 724
19 474 493
321 322 643
410 452 862
248 156 404
411 475 886
436 219 655
388 255 643
447 340 787
354 493 847
255 341 596
204 167 371
316 56 372
1 427 428
214 51 265
83 279 362
174 346 520
14 299 313
165 37 202
